199
36 37 0.088799452997 LocalRoad
16 29 0.11745249101020001 LocalRoad
59 75 0.0691699722072 LocalRoad
99 110 0.04532605750740001 LocalRoad
26 27 0.048964992208000005 LocalRoad
141 158 0.0771377799336 LocalRoad
41 54 0.058284568694000005 LocalRoad
106 107 0.07641607199 LocalRoad
53 54 0.055397564849600005 LocalRoad
27 28 0.05497276024460001 LocalRoad
12 23 0.0759264445194 LocalRoad
54 70 0.0700881978636 LocalRoad
122 146 0.12318261669920001 LocalRoad
17 30 0.08952845609620001 LocalRoad
33 46 0.0695999850572 LocalRoad
168 184 0.0779758853202 LocalRoad
156 169 0.0629263125906 LocalRoad
10 11 0.0708142063394 LocalRoad
167 168 0.05466173788860001 LocalRoad
160 128 0.0756029627808 LocalRoad
39 52 0.06317981024340001 LocalRoad
40 41 0.046164637374800005 LocalRoad
174 175 0.081869050469 LocalRoad
157 170 0.0441831998552 LocalRoad
124 138 0.06438270677720001 LocalRoad
25 39 0.0506760728692 LocalRoad
37 50 0.08527347075340001 LocalRoad
161 174 0.0869318244144 LocalRoad
79 98 0.0702248961798 LocalRoad
179 191 0.090933789795 LocalRoad
138 152 0.0475294032002 LocalRoad
1 8 0.09605129430420001 LocalRoad
120 121 0.05257501636600001 LocalRoad
130 139 0.0504019751872 LocalRoad
59 76 0.058848596703 LocalRoad
133 141 0.046646847616600005 LocalRoad
45 46 0.0830963472744 LocalRoad
117 129 0.0449720344548 LocalRoad
148 149 0.0710395623976 LocalRoad
32 44 0.082684976692 LocalRoad
185 186 0.08948083457360001 LocalRoad
44 58 0.0537178671328 LocalRoad
98 99 0.0700881978636 LocalRoad
132 140 0.0774273320068 LocalRoad
137 147 0.0856848501654 LocalRoad
139 154 0.084935405593 LocalRoad
53 69 0.0490736826686 LocalRoad
146 163 0.0323152461624 LocalRoad
125 131 0.037674417228 LocalRoad
22 35 0.0646469775926 LocalRoad
190 192 0.1061184341336 LocalRoad
101 114 0.060720100271800005 LocalRoad
193 194 0.031242240232200003 LocalRoad
2 10 0.1727630987332 LocalRoad
167 183 0.0481972964064 LocalRoad
72 91 0.0921559947568 LocalRoad
164 178 0.0543097087234 LocalRoad
152 153 0.0540343226958 LocalRoad
147 164 0.0481972964064 LocalRoad
130 131 0.0510740311958 LocalRoad
145 146 0.07351636970520001 LocalRoad
35 36 0.040980055029600004 LocalRoad
166 181 0.08030524110640001 LocalRoad
144 145 0.0454668948976 LocalRoad
88 89 0.0660170455742 LocalRoad
165 180 0.0567843805512 LocalRoad
153 166 0.0581381248226 LocalRoad
14 25 0.1065793415968 LocalRoad
148 164 0.083671415363 LocalRoad
81 82 0.047372206539000004 LocalRoad
31 43 0.08598279896420001 LocalRoad
187 198 0.09274382583520001 LocalRoad
189 190 0.07613667042580001 LocalRoad
116 118 0.0700729927008 LocalRoad
112 125 0.0672959449438 LocalRoad
89 105 0.06640330169660001 LocalRoad
60 76 0.0550308812408 LocalRoad
160 173 0.11792331694460001 LocalRoad
73 74 0.06504137054 LocalRoad
56 91 0.10692870118100001 LocalRoad
86 103 0.0900151241428 LocalRoad
8 19 0.0774273320068 LocalRoad
105 108 0.093362201199 LocalRoad
171 199 0.105210818959 LocalRoad
38 51 0.059925184676800004 LocalRoad
28 41 0.082219724615 LocalRoad
57 73 0.0545055611754 LocalRoad
20 33 0.0919244466652 LocalRoad
3 4 0.11555922585200001 LocalRoad
80 99 0.0449720344548 LocalRoad
61 78 0.0674066941934 LocalRoad
67 84 0.069354589899 LocalRoad
114 126 0.0540343226958 LocalRoad
100 113 0.0603504426528 LocalRoad
49 66 0.0575301036358 LocalRoad
58 59 0.0435516317962 LocalRoad
40 52 0.058776123034200004 LocalRoad
34 48 0.0798661568852 LocalRoad
72 90 0.0842425579344 LocalRoad
74 75 0.072229587602 LocalRoad
196 197 0.05915561923900001 LocalRoad
194 195 0.056953019571200005 LocalRoad
30 42 0.0915061836158 LocalRoad
181 182 0.033321787476 LocalRoad
3 12 0.113774994268 LocalRoad
134 141 0.0744382410744 LocalRoad
183 196 0.07587028589880002 LocalRoad
15 26 0.0499773511492 LocalRoad
143 128 0.0901334250536 LocalRoad
115 126 0.088269877126 LocalRoad
74 92 0.0941577547246 LocalRoad
134 142 0.0929045405938 LocalRoad
70 87 0.08188206518180001 LocalRoad
135 143 0.0640341962028 LocalRoad
160 161 0.1138779707928 LocalRoad
114 132 0.07749611351820002 LocalRoad
93 94 0.0910391931542 LocalRoad
82 101 0.041803857119000004 LocalRoad
90 105 0.0653682136562 LocalRoad
83 102 0.0604915309638 LocalRoad
51 68 0.07296349780780001 LocalRoad
34 47 0.0888714233882 LocalRoad
159 186 0.08468411686 LocalRoad
173 188 0.0809791430562 LocalRoad
96 97 0.0521680828766 LocalRoad
142 128 0.09407850210640001 LocalRoad
97 98 0.055397564849600005 LocalRoad
176 177 0.0701489855576 LocalRoad
156 157 0.06583925421180001 LocalRoad
110 111 0.040588142407200004 LocalRoad
9 20 0.0694006675854 LocalRoad
121 122 0.0748095064252 LocalRoad
100 112 0.0668511132372 LocalRoad
180 193 0.07775692838300001 LocalRoad
123 137 0.0753488344558 LocalRoad
94 95 0.048964992208000005 LocalRoad
181 193 0.069046619506 LocalRoad
102 103 0.08238803538400001 LocalRoad
184 185 0.0908986281814 LocalRoad
45 60 0.0496350364964 LocalRoad
65 66 0.041803857119000004 LocalRoad
127 134 0.07553245734460001 LocalRoad
92 93 0.039846260040800004 LocalRoad
150 151 0.0424363265802 LocalRoad
155 168 0.0775785708356 LocalRoad
104 116 0.0949017399308 LocalRoad
102 115 0.062159617098 LocalRoad
146 147 0.064183789597 LocalRoad
21 33 0.0720227526046 LocalRoad
22 34 0.0817127122286 LocalRoad
81 100 0.05198392354680001 LocalRoad
119 136 0.1087076741088 LocalRoad
86 104 0.0481751824818 LocalRoad
165 179 0.0721262442454 LocalRoad
191 192 0.0862426597824 LocalRoad
18 31 0.057232980391 LocalRoad
8 18 0.0641339639022 LocalRoad
162 175 0.1204268961964 LocalRoad
23 37 0.0633818783828 LocalRoad
63 80 0.057251595769800004 LocalRoad
77 78 0.08618085923 LocalRoad
105 106 0.08392573636100001 LocalRoad
111 112 0.0348229501952 LocalRoad
118 134 0.0757437767654 LocalRoad
149 150 0.0694006675854 LocalRoad
13 24 0.0919244466652 LocalRoad
3 11 0.09636142382900001 LocalRoad
129 135 0.05198392354680001 LocalRoad
6 7 0.1383399444144 LocalRoad
55 71 0.0638508838792 LocalRoad
136 162 0.09614000482360001 LocalRoad
154 155 0.069216172795 LocalRoad
84 85 0.0535390388932 LocalRoad
25 38 0.0571025028192 LocalRoad
85 103 0.030795654174800003 LocalRoad
63 64 0.0744382410744 LocalRoad
64 65 0.0687217652318 LocalRoad
61 62 0.0541721907016 LocalRoad
172 128 0.09339643533860001 LocalRoad
76 77 0.0651068704262 LocalRoad
188 199 0.1173889663824 LocalRoad
87 88 0.036583836747800004 LocalRoad
151 166 0.06773785552179999 LocalRoad
109 124 0.0636000610534 LocalRoad
7 17 0.1350976385548 LocalRoad
9 19 0.0825818138612 LocalRoad
169 184 0.0721262442454 LocalRoad
36 49 0.0627906953798 LocalRoad
16 28 0.07335675635859999 LocalRoad
5 16 0.08494795051660001 LocalRoad
186 198 0.1040600489764 LocalRoad
71 89 0.0806230731182 LocalRoad
42 56 0.080291970803 LocalRoad
24 38 0.0746098238784 LocalRoad
144 177 0.0842299079518 LocalRoad
68 85 0.0627906953798 LocalRoad
78 79 0.05497276024460001 LocalRoad
97 109 0.08745731854460001 LocalRoad
