199
121 122 1.87023766063 LocalRoad
135 161 1.4330982860733334 MainRoad
196 197 1.478890480975 LocalRoad
59 76 1.471214917575 LocalRoad
1 46 1.805994658288889 Underground
3 11 2.4090355957250003 LocalRoad
153 154 1.0681376053166667 MainRoad
94 95 1.2241248052 LocalRoad
20 33 2.29811116663 LocalRoad
123 124 0.8675083448183334 MainRoad
144 145 1.13667237244 LocalRoad
165 180 0.47320317126 MainRoad
53 54 1.38493912124 LocalRoad
13 67 1.365809209088889 Underground
187 199 1.6734459951833334 MainRoad
157 170 1.10457999638 LocalRoad
112 125 1.6823986235950001 LocalRoad
23 37 1.5845469595700001 LocalRoad
165 179 1.8031561061349999 LocalRoad
3 4 2.8889806463000003 LocalRoad
78 79 0.45810633537166673 MainRoad
133 141 1.166171190415 LocalRoad
160 128 1.89007406952 LocalRoad
34 47 2.221785584705 LocalRoad
53 69 1.226842066715 LocalRoad
72 91 2.30389986892 LocalRoad
165 191 1.35670679336 MainRoad
81 82 1.184305163475 LocalRoad
100 113 1.50876106632 LocalRoad
102 115 1.55399042745 LocalRoad
7 42 1.85058850315 MainRoad
45 60 1.24087591241 LocalRoad
110 111 1.01470356018 LocalRoad
89 105 0.5533608474716667 MainRoad
164 178 1.357742718085 LocalRoad
114 126 1.350858067395 LocalRoad
150 151 1.060908164505 LocalRoad
156 169 1.573157814765 LocalRoad
42 72 0.959220863155 MainRoad
8 19 1.93568330017 LocalRoad
180 193 1.943923209575 LocalRoad
191 192 2.15606649456 LocalRoad
156 184 1.0821781609 MainRoad
74 94 0.5201352390866667 MainRoad
120 121 1.3143754091500002 LocalRoad
152 153 1.350858067395 LocalRoad
16 28 1.8339189089649999 LocalRoad
92 93 0.9961565010200001 LocalRoad
117 129 1.1243008613699998 LocalRoad
100 111 0.847225564305 MainRoad
60 76 1.37577203102 LocalRoad
44 58 1.3429466783200001 LocalRoad
141 158 1.9284444983400002 LocalRoad
156 157 0.548660451765 MainRoad
9 20 1.735016689635 LocalRoad
172 128 2.334910883465 LocalRoad
25 38 1.42756257048 LocalRoad
41 52 0.8739671559933334 MainRoad
2 10 4.31907746833 LocalRoad
163 176 1.3167940756916667 MainRoad
87 88 0.9145959186950001 LocalRoad
151 166 1.693446388045 LocalRoad
194 195 1.42382548928 LocalRoad
68 85 1.569767384495 LocalRoad
31 43 2.149569974105 LocalRoad
122 123 1.4913472428933334 MainRoad
73 74 1.6260342635 LocalRoad
90 105 1.634205341405 LocalRoad
82 101 1.045096427975 LocalRoad
32 44 2.0671244173 LocalRoad
64 65 1.718044130795 LocalRoad
65 67 1.2127678589366668 MainRoad
33 46 1.73999962643 LocalRoad
21 33 1.800568815115 LocalRoad
136 162 2.40350012059 LocalRoad
161 174 2.1732956103600003 LocalRoad
146 147 1.604594739925 LocalRoad
29 42 1.1808009240916668 MainRoad
46 58 1.3234086378083334 MainRoad
173 188 2.024478576405 LocalRoad
85 103 0.7698913543700001 LocalRoad
86 116 1.19227617893 MainRoad
13 14 1.0581144581050002 MainRoad
132 140 1.93568330017 LocalRoad
142 128 0.7839875175533333 MainRoad
129 135 1.29959808867 LocalRoad
41 54 1.45711421735 LocalRoad
67 102 0.8622893015416666 MainRoad
65 82 0.6502544046183333 MainRoad
39 52 1.579495256085 LocalRoad
58 59 1.088790794905 LocalRoad
105 107 1.3340457542250002 MainRoad
98 99 1.75220494659 LocalRoad
167 168 1.3665434472150002 LocalRoad
80 99 1.1243008613699998 LocalRoad
105 108 0.778018343325 MainRoad
82 100 0.8176232408533334 MainRoad
138 152 1.1882350800049999 LocalRoad
181 193 1.7261654876499999 LocalRoad
93 94 0.7586599429516667 MainRoad
171 199 2.630270473975 LocalRoad
83 102 1.5122882740949999 LocalRoad
106 107 1.91040179975 LocalRoad
79 111 0.9830540194322223 Underground
163 191 1.3017600096733335 MainRoad
17 30 2.238211402405 LocalRoad
96 97 1.3042020719149998 LocalRoad
30 42 2.287654590395 LocalRoad
174 175 2.046726261725 LocalRoad
13 23 0.7895367756483334 MainRoad
108 135 1.0098056432816669 MainRoad
149 150 1.735016689635 LocalRoad
18 31 1.4308245097749999 LocalRoad
26 27 1.2241248052 LocalRoad
153 166 1.453453120565 LocalRoad
12 23 1.898161112985 LocalRoad
55 89 1.2026579648933333 MainRoad
63 79 0.8792852067933334 MainRoad
111 153 1.2395765239 Underground
3 23 1.5796826443016667 MainRoad
99 110 1.133151437685 LocalRoad
37 50 2.131836768835 LocalRoad
87 105 1.179233169445 MainRoad
148 149 1.77598905994 LocalRoad
6 7 3.4584986103600004 LocalRoad
14 15 0.9406025197116668 MainRoad
29 41 1.2402794234483334 MainRoad
123 137 1.8837208613949998 LocalRoad
135 143 1.6008549050699998 LocalRoad
24 38 1.86524559696 LocalRoad
189 190 1.903416760645 LocalRoad
130 131 1.276850779895 LocalRoad
193 194 0.781056005805 LocalRoad
111 112 0.8705737548799999 LocalRoad
101 114 1.518002506795 LocalRoad
9 19 2.06454534653 LocalRoad
49 66 1.438252590895 LocalRoad
134 141 1.86095602686 LocalRoad
125 131 0.9418604307 LocalRoad
184 185 0.7574885681783333 MainRoad
162 175 3.0106724049099998 LocalRoad
146 163 0.80788115406 LocalRoad
86 87 0.7953264782816667 MainRoad
22 23 0.9054887623316668 MainRoad
59 75 1.7292493051800002 LocalRoad
147 164 1.2049324101599999 LocalRoad
130 139 1.2600493796799999 LocalRoad
185 187 1.5940918083016666 MainRoad
58 74 1.0597915656816668 MainRoad
159 186 2.1171029215 LocalRoad
116 118 1.75182481752 LocalRoad
27 28 1.3743190061150001 LocalRoad
167 183 1.2049324101599999 LocalRoad
61 78 1.685167354835 LocalRoad
109 124 1.590001526335 LocalRoad
119 136 2.71769185272 LocalRoad
140 154 0.99556204684 MainRoad
181 182 0.8330446868999999 LocalRoad
188 199 2.93472415956 LocalRoad
40 41 1.15411593437 LocalRoad
5 16 2.123698762915 LocalRoad
154 155 1.7304043198749999 LocalRoad
67 84 1.733864747475 LocalRoad
155 168 1.93946427089 LocalRoad
135 128 1.2619272486516668 MainRoad
15 26 1.24943377873 LocalRoad
116 127 1.052785992035 MainRoad
38 51 1.49812961692 LocalRoad
10 11 1.770355158485 LocalRoad
144 163 0.912003153965 MainRoad
97 98 1.38493912124 LocalRoad
34 48 1.9966539221300001 LocalRoad
22 34 0.6809392685716668 MainRoad
133 140 0.912733113475 MainRoad
176 177 1.7537246389399999 LocalRoad
122 144 1.4383040406633334 MainRoad
140 156 1.0519421880050002 MainRoad
190 191 1.029545016625 MainRoad
65 66 1.045096427975 LocalRoad
42 56 2.007299270075 LocalRoad
185 186 2.23702086434 LocalRoad
61 62 1.35430476754 LocalRoad
55 71 1.5962720969800002 LocalRoad
187 198 2.31859564588 LocalRoad
25 39 1.2669018217299999 LocalRoad
127 133 0.8602272277216666 MainRoad
46 79 0.9910839794222223 Underground
86 104 1.204379562045 LocalRoad
54 70 1.75220494659 LocalRoad
57 73 1.362639029385 LocalRoad
77 78 0.7181738269166666 MainRoad
111 124 1.2799186761183332 MainRoad
29 55 0.941781860485 MainRoad
36 49 1.569767384495 LocalRoad
35 36 1.0245013757399999 LocalRoad
84 85 1.33847597233 LocalRoad
8 18 1.603349097555 LocalRoad
183 196 1.8967571474700002 LocalRoad
