   1.8213146e+00   7.2944326e-02   6.8933311e+00   7.9335986e-01   7.7293638e-01
   3.1931929e+00   5.2995242e+00   2.7349979e+00   7.6968427e+00   3.5452205e+00
   2.5148672e+00   5.6309387e+00   7.5440269e+00   2.5185715e+00   2.2795879e+00
   7.7093449e+00   4.4066615e+00   7.0260916e+00   1.5010266e+00   3.0224460e+00
   3.7571445e+00   7.0823707e+00   2.6316138e+00   2.6004432e+00   8.8784286e+00
   2.2548518e+00   9.2105733e+00   7.3611686e+00   5.6892675e+00   1.5242802e+00
   2.9596547e+00   8.7102217e-01   2.1026454e+00   8.8034214e+00   4.6420572e+00
   2.3865791e+00   5.3834666e+00   8.1293523e+00   5.2450617e+00   7.4676446e+00
   2.1234893e+00   9.0263871e+00   7.1614136e+00   4.9890599e+00   1.7048472e+00
   6.8288051e+00   4.2963872e+00   7.0514441e+00   3.7688419e+00   5.1283429e+00
   4.1669674e+00   5.1249784e+00   7.0029842e+00   4.8260405e+00   6.1557240e+00
   2.9537825e+00   7.1302979e+00   3.8148174e+00   5.4948866e+00   4.5571512e-01
   5.9733466e+00   9.8837915e+00   6.8752757e+00   2.8034067e+00   3.8920055e+00
   7.5984409e+00   1.2028496e+00   7.1524353e+00   2.5720979e+00   5.3925546e-01
   2.1029846e+00   4.2704885e-01   3.4168246e+00   2.0277558e+00   1.0030990e+00
   2.9598613e+00   7.2751826e+00   6.6712705e+00   7.3165034e+00   2.4373370e+00
   4.0185321e+00   2.2551664e+00   5.8494960e+00   7.4472573e+00   7.5628177e+00
   2.5589348e+00   7.8338944e+00   3.2953965e+00   8.1240947e+00   7.7943731e+00
   3.4849473e+00   6.3453297e+00   3.6031155e+00   3.9201161e+00   1.1867576e-02
   7.2576118e+00   8.1022439e+00   6.5720037e+00   7.6994460e+00   5.8818526e+00
   6.9115027e+00   2.8798565e+00   6.7863028e+00   4.6605656e+00   3.5814914e+00
   3.5364717e+00   8.3825420e+00   2.3050842e+00   4.2071575e+00   2.9436309e-01
   3.1568859e+00   8.6233604e+00   2.0011932e+00   1.5677201e+00   5.2107737e+00
   6.1251217e+00   4.7611577e+00   6.1948162e+00   8.4897548e+00   4.4798480e+00
   4.0750113e+00   6.7478961e+00   3.4878278e+00   4.1068758e+00   4.3918159e+00
   3.2027429e+00   6.7605955e+00   2.1040525e+00   2.3719131e+00   6.8496624e+00
   7.0051231e+00   3.0923254e+00   6.5597651e+00   7.2037214e+00   7.0341452e+00
   2.5715139e+00   4.2607078e+00   7.5969397e+00   7.8535899e+00   6.8319206e+00
   3.7868105e+00   3.4556275e+00   6.3252442e+00   6.5605242e+00   4.5270968e-01
   3.0848224e+00   1.3401832e-02   2.8873652e+00   6.3699853e+00   6.0976871e+00
   7.0502207e+00   7.6309557e+00   7.5450630e+00   1.5514292e+00   4.1593245e+00
   2.3547736e+00   2.5934487e+00   2.7826243e+00   2.1647270e+00   2.6309512e+00
   6.2551218e+00   6.1199381e+00   5.7843726e+00   9.1853017e+00   3.5470254e+00
   1.6941913e+00   8.8496162e+00   8.1430410e+00   7.2985896e+00   7.4248773e+00
   2.6513357e+00   7.2222423e+00   2.4177878e+00   3.5352764e+00   8.9319896e+00
   2.0881725e+00   4.5235127e+00   7.5107163e+00   4.2329931e+00   3.1196840e+00
   2.7556507e+00   8.5206932e+00   7.3563600e+00   5.1888360e+00   2.3310319e+00
   3.5254457e+00   7.3610043e+00   2.5786577e+00   7.3931023e+00   1.9748301e+00
   2.8354060e+00   6.3925510e+00   7.8106812e+00   1.2644573e+00   5.3203429e-01
   3.0976237e+00   5.3168900e-01   2.3886988e+00   7.6668374e-01   1.8550382e+00
   6.5493093e+00   3.6658131e-01   7.2779199e+00   6.3837223e+00   2.4116107e+00
   3.2687776e+00   4.6431263e+00   6.4730473e+00   1.3718517e+00   7.5414577e+00
   2.8933779e+00   7.6311222e+00   1.9021944e+00   1.6341635e+00   8.4093636e+00
   7.8228350e+00   3.3688104e-02   7.1683850e+00   9.8920396e+00   8.3949856e-01
   3.0469716e+00   6.4292908e+00   2.3968676e+00   2.9446358e+00   9.4054654e+00
   7.8127004e+00   2.1088982e+00   6.9949522e+00   1.9200180e+00   4.2268351e-01
   7.0331209e+00   1.7843565e+00   6.1503516e+00   5.0610645e+00   6.5723722e+00
   6.3746696e+00   8.0326111e+00   7.2491400e+00   4.3408429e-01   9.9806286e+00
   6.9399880e+00   8.6328732e+00   7.5487366e+00   1.8873890e+00   2.7514649e+00
   9.0768095e+00   5.1079748e+00   8.2128502e+00   8.5059669e+00   4.2202924e+00
   2.5224425e+00   7.4134636e-01   2.7630732e+00   1.8297679e+00   4.6239483e+00
   6.2506015e+00   1.2427035e+00   7.2080209e+00   5.7319737e+00   5.4079646e+00
   3.2826652e+00   4.9078337e+00   7.1019387e+00   4.2752429e+00   8.1941797e-02
   5.1541469e+00   3.2848303e+00   1.0738945e+00   5.7582976e+00   8.7415064e+00
   7.2915137e+00   4.6312302e+00   7.9147636e+00   6.6175620e+00   1.8022830e+00
   7.6675267e+00   9.1355293e+00   7.3968895e+00   9.2945907e+00   8.7454846e+00
   5.9203853e+00   5.9463618e-01   6.3336721e+00   1.2516294e+00   8.1888442e+00
   3.5252909e+00   5.0245271e+00   7.0624910e+00   3.3679825e-01   1.4108793e+00
   6.1394275e+00   7.0621799e+00   6.3360044e+00   6.6962023e+00   1.8450327e+00
   4.0929791e+00   9.0217046e+00   6.8603384e+00   6.4517178e+00   8.0043067e+00
   6.2612469e+00   7.6697062e+00   6.5127980e+00   8.7529097e+00   8.4109809e+00
   2.9202576e+00   1.2839616e+00   4.2844009e+00   1.1254380e+00   4.4177410e+00
   3.2790850e+00   1.0639502e+00   5.2202809e+00   2.5189390e+00   2.9993081e+00
   3.4358936e+00   1.6930548e+00   2.8196563e+00   6.5710306e+00   7.9151088e+00
   7.3202620e+00   2.1085865e+00   6.0497982e+00   2.5813519e+00   6.3599899e+00
   1.9387418e+00   7.1632516e+00   7.9686465e+00   2.7634931e+00   9.5003223e-01
   3.5154175e+00   7.3239294e-01   2.3777148e+00   5.2798112e+00   6.2970487e+00
   2.7557034e+00   6.2633500e+00   2.4240015e+00   1.5366737e+00   8.1429063e+00
   3.2608002e+00   7.4524646e+00   6.4729220e+00   5.8344836e+00   3.4506263e+00
   6.7665514e+00   8.3745568e+00   7.6076949e+00   5.1689821e+00   7.2433067e+00
   2.2470926e+00   3.0494628e+00   3.1269858e+00   9.5514605e+00   5.1086319e+00
   2.8297938e+00   2.2246581e+00   3.8649558e+00   4.9095773e+00   5.8303176e+00
   3.3037240e+00   1.8936535e+00   6.3989347e+00   1.7574604e+00   7.4397279e+00
   4.1263469e+00   9.9888419e+00   2.2465793e+00   8.4336949e-01   4.7461329e+00
   3.3003516e+00   4.4242824e+00   6.2159512e+00   1.4924909e+00   7.8429140e+00
   1.8344558e+00   8.3865285e+00   8.2319565e+00   8.2161798e+00   8.7687096e+00
   6.7616915e+00   9.2935480e+00   5.8093577e+00   9.2829147e+00   6.4640210e+00
   4.1721181e+00   8.9653757e+00   2.1263920e+00   1.9150895e+00   6.6931835e+00
   6.4389821e+00   5.6410480e+00   6.9273615e+00   1.7630508e+00   3.9574120e+00
   3.4324519e+00   3.4857682e+00   1.7308804e+00   7.6326338e+00   5.2873129e+00
   2.4138389e+00   3.2696329e+00   3.7614040e+00   2.7045232e+00   4.5095560e+00
   2.6649536e+00   9.5208291e+00   7.0853147e+00   4.0601686e+00   3.2986249e+00
   3.2677533e+00   5.8678079e+00   4.0013919e+00   1.1323726e+00   6.7328311e+00
   2.4639335e+00   6.4219116e+00   2.2785259e+00   6.7113129e+00   5.1659418e+00
   6.9826856e+00   6.8220642e+00   7.4383744e+00   9.9025858e+00   7.9576055e+00
   4.1059661e+00   7.6203601e+00   1.6319394e+00   9.5087203e+00   6.9964086e+00
   1.9139642e+00   7.0608466e+00   7.8526435e+00   1.5716079e+00   2.3309370e+00
   6.4106723e+00   5.1960002e+00   5.0900066e+00   8.5674334e+00   4.8632705e+00
   6.0790878e+00   7.3320097e+00   7.4160564e+00   9.7994091e+00   6.8893565e+00
   2.4647210e+00   6.4417494e+00   8.2284852e+00   2.0965777e+00   6.3922432e+00
   2.7727723e+00   4.6351362e+00   7.5727715e+00   6.6984713e+00   8.0897415e+00
   7.3328085e+00   8.5798824e+00   7.5494727e+00   4.2836823e-01   3.4836082e+00
   3.0404491e+00   3.2864239e+00   6.6260445e+00   3.7013475e+00   3.3940711e+00
   7.5146480e+00   9.5043379e+00   7.5432412e+00   9.2428938e+00   1.8934620e+00
   6.0618575e+00   3.8151554e+00   6.8883537e+00   3.9060614e+00   9.2884811e+00
   2.2483048e+00   1.6857380e+00   3.1924407e+00   8.1556464e+00   7.1081662e+00
   6.5443207e+00   5.2310767e+00   7.1789582e+00   1.5753084e+00   6.1740050e+00
   2.8648819e+00   5.1879639e+00   8.4370164e+00   5.3435850e+00   6.4730208e+00
   6.5044586e+00   3.3076483e+00   6.4207968e+00   1.1559542e+00   2.5298052e-01
   2.6649668e+00   3.6542997e+00   2.4096551e+00   5.3692442e+00   3.7822644e+00
   2.5383885e+00   9.3254763e+00   7.1047052e+00   5.5868436e+00   6.8516532e-01
   2.4636930e+00   5.2251492e+00   6.3680035e+00   3.9137475e+00   8.9970121e+00
   2.9747181e+00   6.4460700e+00   6.7178145e+00   9.2344447e+00   9.2392349e+00
   7.7160480e+00   3.7979910e+00   8.0671671e+00   6.6473573e+00   7.6091255e+00
   7.7258021e+00   8.9317620e+00   7.6701717e+00   2.0628972e+00   5.2724906e+00
   2.9504521e+00   5.8172764e+00   2.4259866e+00   8.6284131e-01   7.2114097e+00
   2.4560764e+00   8.0545693e+00   7.3060795e+00   8.0247845e+00   5.4409340e+00
   3.3147366e+00   5.7369588e+00   5.7967857e+00   2.1757269e+00   4.4584634e+00
   6.7986537e+00   9.2986838e+00   6.4055938e+00   2.9708066e+00   6.7808785e+00
   2.1124808e+00   2.0723310e-01   3.8403646e+00   1.5989027e+00   3.7298837e+00
   7.6519865e+00   3.5960362e+00   7.3591904e+00   3.0092247e+00   8.4993522e+00
   2.7497155e+00   3.9086865e+00   5.9176622e+00   1.2040976e+00   3.3572530e-01
   1.9439925e+00   5.5669484e+00   2.9675919e+00   2.2505683e+00   1.4005924e-01
   7.1167136e+00   7.8613886e+00   7.2457254e+00   1.6717650e+00   4.6175129e+00
   3.1989483e+00   5.3262129e+00   4.0819162e+00   5.7251248e+00   2.8029191e+00
   2.0078182e+00   8.9147828e+00   5.8456606e+00   7.3570308e+00   3.8875780e+00
   3.9510415e+00   6.8703470e+00   1.7141758e+00   2.6309904e+00   4.2735396e+00
   3.1785893e+00   3.6722786e+00   7.0328588e+00   7.4378457e+00   3.5218141e+00
   3.0923385e+00   7.6469123e+00   7.3999947e+00   3.1747259e+00   9.7086619e+00
   2.1450985e+00   8.6654636e+00   7.4850000e+00   2.8938047e+00   8.6133450e+00
   6.7611581e+00   2.9201898e+00   6.9047259e+00   3.4247107e+00   6.4067238e-01
   2.6334859e+00   8.8853207e+00   3.0557780e+00   8.5601008e+00   7.6112510e+00
   6.2068880e+00   9.3349824e+00   6.3589263e+00   3.5526396e+00   7.5913993e+00
   2.7572430e+00   1.1548036e+00   6.8619049e+00   2.7343800e+00   5.0444878e-01
   4.5820669e+00   4.1256306e+00   9.9110686e-01   1.9247521e+00   5.6720533e+00
   2.6255443e+00   5.7969155e+00   3.2080746e+00   4.6565145e+00   6.9090988e-01
   2.3523718e+00   2.8406056e-01   2.8249146e+00   6.0450413e+00   1.0307631e+00
   2.7757667e+00   6.3012994e+00   6.6756772e+00   4.4650162e-01   9.7262090e+00
   6.4774850e+00   6.0028683e+00   6.8767197e+00   9.8255792e+00   6.0357820e+00
   7.2974860e+00   5.9645339e+00   6.5419386e+00   3.1155298e+00   3.2618302e+00
   3.1110717e+00   2.6001495e+00   2.7110192e+00   5.1786587e+00   6.9752300e+00
   6.0372521e+00   3.1920876e+00   5.6962692e+00   5.3906609e+00   9.4684699e+00
   2.3885548e+00   8.7334448e+00   5.5183604e+00   9.7750010e+00   2.0768831e+00
   7.1575836e+00   8.7378178e+00   6.6142922e+00   3.6130554e+00   3.5857520e+00
   1.7895760e+00   9.9483936e+00   6.8078025e+00   3.8917698e+00   4.3726418e+00
   2.4896042e+00   9.1874883e+00   6.9776102e+00   8.2853994e+00   6.7745771e+00
   4.2164131e+00   7.4373220e-03   3.1099938e+00   1.1049904e+00   9.3615481e+00
   2.3037344e+00   4.9622695e+00   3.3491383e+00   5.5373350e+00   6.4306995e+00
   6.8400355e+00   8.9174485e+00   7.4377517e+00   2.5108323e+00   9.4956173e+00
   3.6365639e+00   4.3830866e+00   5.5624558e+00   5.6385246e+00   2.5700031e+00
   1.7349470e+00   1.7178005e+00   7.4039750e+00   9.1978930e+00   1.9429826e+00
   6.1647515e+00   5.8683509e+00   6.6987006e+00   8.5095923e+00   9.4556864e+00
   3.3477788e+00   5.9002845e+00   3.0292171e+00   5.8838399e+00   1.2110992e+00
   1.4801292e+00   6.1673788e+00   2.7853033e+00   2.0463245e-02   2.9458536e-01
   4.7118219e+00   4.4430675e+00   1.7169819e+00   1.4461513e+00   1.1038833e+00
   7.3146116e+00   1.5303036e+00   7.5970824e+00   2.9339714e+00   6.9085369e+00
   5.8535420e+00   6.1795742e+00   6.5374587e+00   6.1251258e+00   7.8756160e+00
   2.7041868e+00   5.0203401e+00   7.4787272e+00   9.2458921e+00   8.2470504e-01
   3.1561806e+00   9.3518335e+00   6.5202728e+00   2.7337502e+00   4.3068001e+00
   2.5019321e+00   9.9091237e-01   6.2572142e+00   8.0466997e+00   1.6559331e+00
